Bees Number Expermient
berlin52 pr107 pr152 gr120 eil101 a280
EFFICIENCY1 BEES1 BEES1% EFFICIENCY2 BEES2 BEES2% EFFICIENCY3 BEES3 BEES3% EFFICIENCY4 BEES4 BEES4% EFFICIENCY5 BEES5 BEES5% EFFICIENCY6 BEES6 BEES6%
3.2669986E-6 50 0.96153843 2.1075994E-6 50 0.46728972 1.6028578E-6 50 0.32894737 1.7873276E-6 50 0.41666666 1.8770543E-6 50 0.4950495 7.510921E-7 50 0.17857143 
2.2121928E-6 100 1.9230769 1.2506973E-6 100 0.93457943 9.523491E-7 100 0.65789473 1.1591804E-6 100 0.8333333 1.3491966E-6 100 0.990099 5.255956E-7 100 0.35714287 
1.767381E-6 150 2.8846154 1.114487E-6 150 1.4018692 7.385983E-7 150 0.9868421 9.1756124E-7 150 1.25 9.613283E-7 150 1.4851485 3.9535126E-7 150 0.53571427 
1.3469459E-6 200 3.8461537 8.088269E-7 200 1.8691589 6.074705E-7 200 1.3157895 7.5910947E-7 200 1.6666666 9.09346E-7 200 1.980198 3.6565092E-7 200 0.71428573 
1.038162E-6 250 4.8076925 7.2620116E-7 250 2.3364487 5.611046E-7 250 1.6447369 6.684474E-7 250 2.0833333 7.605747E-7 250 2.4752476 3.1389916E-7 250 0.89285713 
8.9393194E-7 300 5.769231 7.241462E-7 300 2.8037384 5.560142E-7 300 1.9736842 6.769137E-7 300 2.5 7.369285E-7 300 2.970297 3.1912552E-7 300 1.0714285 
9.3925615E-7 350 6.730769 6.4642586E-7 350 3.271028 4.8847386E-7 350 2.3026316 5.9616303E-7 350 2.9166667 6.4891145E-7 350 3.4653466 2.934304E-7 350 1.25 
8.6033526E-7 400 7.6923075 5.6410244E-7 400 3.7383177 4.3337164E-7 400 2.631579 5.290445E-7 400 3.3333333 5.8023403E-7 400 3.960396 2.5663985E-7 400 1.4285715 
